# q*x Normalized_I
1.677462e-01 1.000000e+00
1.740408e-01 1.004769e+00
1.788237e-01 9.959102e-01
1.803354e-01 1.032227e+00
1.855341e-01 9.774664e-01
1.866301e-01 9.986311e-01
1.922444e-01 9.922575e-01
1.929247e-01 1.009751e+00
1.989547e-01 9.908071e-01
1.992194e-01 9.802461e-01
1.993964e-01 9.728452e-01
2.055140e-01 9.673053e-01
2.056650e-01 9.968928e-01
2.068787e-01 9.863005e-01
2.118086e-01 9.788337e-01
2.123754e-01 9.619620e-01
2.143610e-01 9.796302e-01
2.181033e-01 9.674175e-01
2.190857e-01 9.491020e-01
2.218433e-01 9.552878e-01
2.243979e-01 9.648041e-01
2.257960e-01 9.605126e-01
2.293256e-01 9.691216e-01
2.294641e-01 1.034431e+00
2.306926e-01 9.417912e-01
2.325063e-01 9.588444e-01
2.368079e-01 9.529310e-01
2.369872e-01 9.417873e-01
2.380747e-01 9.846452e-01
2.392166e-01 9.358350e-01
2.432818e-01 9.337089e-01
2.442902e-01 9.298447e-01
2.459270e-01 9.303348e-01
2.466853e-01 9.842711e-01
2.495765e-01 9.225056e-01
2.517725e-01 9.300528e-01
2.526373e-01 9.326699e-01
2.552959e-01 9.536608e-01
2.558711e-01 9.190551e-01
2.592548e-01 9.093636e-01
2.593476e-01 9.141032e-01
2.621658e-01 9.050606e-01
2.639065e-01 9.606094e-01
2.660579e-01 9.070110e-01
2.667371e-01 9.190550e-01
2.684604e-01 8.938858e-01
2.725170e-01 9.344478e-01
2.727683e-01 8.991742e-01
2.742195e-01 9.011067e-01
2.747550e-01 8.754823e-01
2.794786e-01 8.741534e-01
2.810497e-01 8.733576e-01
2.811276e-01 9.172075e-01
2.817018e-01 9.003410e-01
2.861889e-01 8.767411e-01
2.873443e-01 8.632602e-01
2.891841e-01 8.850028e-01
2.897382e-01 9.159674e-01
2.928992e-01 8.674053e-01
2.936390e-01 8.552327e-01
2.966664e-01 8.694684e-01
2.983488e-01 9.044093e-01
2.996096e-01 8.536452e-01
2.999336e-01 8.402321e-01
3.041487e-01 8.639609e-01
3.062282e-01 8.461787e-01
3.063199e-01 8.465327e-01
3.069594e-01 8.903289e-01
3.116310e-01 8.480464e-01
3.125229e-01 8.365816e-01
3.130302e-01 8.455483e-01
3.133372e-01 8.999713e-01
3.155700e-01 8.702506e-01
3.188175e-01 8.249417e-01
3.191133e-01 8.456737e-01
3.197405e-01 8.325286e-01
3.241806e-01 8.651836e-01
3.250951e-01 8.803480e-01
3.251122e-01 8.255500e-01
3.264509e-01 8.190015e-01
3.265956e-01 8.323688e-01
3.314068e-01 8.121022e-01
3.327912e-01 8.428640e-01
3.331612e-01 8.229657e-01
3.340779e-01 8.255482e-01
3.368530e-01 8.752511e-01
3.377014e-01 8.041918e-01
3.398715e-01 8.082365e-01
3.414018e-01 8.444602e-01
3.415602e-01 8.217432e-01
3.439961e-01 7.954505e-01
3.465818e-01 8.046244e-01
3.486109e-01 8.535229e-01
3.490425e-01 8.107537e-01
3.500124e-01 8.313037e-01
3.502907e-01 7.804192e-01
3.532921e-01 7.942668e-01
3.565248e-01 8.012732e-01
3.565853e-01 7.797049e-01
3.586230e-01 8.121416e-01
3.600025e-01 7.897952e-01
3.603688e-01 8.431144e-01
3.628800e-01 7.807568e-01
3.640071e-01 7.941034e-01
3.667128e-01 7.812204e-01
3.672336e-01 8.053340e-01
3.691746e-01 7.749855e-01
3.714895e-01 7.734118e-01
3.721267e-01 8.216933e-01
3.734231e-01 7.744721e-01
3.754693e-01 7.727228e-01
3.758442e-01 7.898956e-01
3.789718e-01 7.705397e-01
3.801334e-01 7.699596e-01
3.817639e-01 7.566058e-01
3.838846e-01 8.061851e-01
3.844547e-01 7.815425e-01
3.864541e-01 7.675489e-01
3.868438e-01 7.638037e-01
3.880585e-01 7.389684e-01
3.930653e-01 7.789754e-01
3.935541e-01 7.531393e-01
3.939364e-01 7.547197e-01
3.943532e-01 7.430164e-01
3.956426e-01 7.959112e-01
4.002644e-01 7.454283e-01
4.006478e-01 7.363277e-01
4.014187e-01 7.526246e-01
4.016759e-01 7.635900e-01
4.069425e-01 7.259421e-01
4.069747e-01 7.384234e-01
4.074005e-01 7.761293e-01
4.089010e-01 7.432030e-01
4.102865e-01 7.508571e-01
4.132371e-01 7.294806e-01
4.136851e-01 7.310196e-01
4.163833e-01 7.389164e-01
4.188971e-01 7.438996e-01
4.191584e-01 7.639684e-01
4.195317e-01 7.227928e-01
4.203954e-01 7.248168e-01
4.238656e-01 7.255606e-01
4.258264e-01 7.190823e-01
4.271057e-01 7.225298e-01
4.275077e-01 7.354345e-01
4.309163e-01 7.453684e-01
4.313479e-01 7.235445e-01
4.321210e-01 6.999518e-01
4.338160e-01 7.140408e-01
4.361183e-01 7.290824e-01
4.384157e-01 7.034327e-01
4.388302e-01 7.205939e-01
4.405263e-01 7.029289e-01
4.426742e-01 7.475137e-01
4.447103e-01 6.981764e-01
4.447289e-01 7.173279e-01
4.463125e-01 7.037072e-01
4.472367e-01 7.067875e-01
4.510049e-01 6.891111e-01
4.533395e-01 7.058626e-01
4.537948e-01 7.053075e-01
4.539470e-01 7.031746e-01
4.544321e-01 7.253872e-01
4.572996e-01 6.872998e-01
4.606573e-01 6.856895e-01
4.612771e-01 6.862388e-01
4.619501e-01 7.037934e-01
4.635942e-01 6.772976e-01
4.661900e-01 7.189045e-01
4.673676e-01 6.869210e-01
4.687594e-01 6.827202e-01
4.698889e-01 6.759323e-01
4.705607e-01 6.928943e-01
4.740780e-01 6.815434e-01
4.761835e-01 6.802676e-01
4.762418e-01 6.811783e-01
4.779479e-01 7.093647e-01
4.791713e-01 6.848414e-01
4.807883e-01 6.790536e-01
4.824781e-01 6.669739e-01
4.837241e-01 6.747361e-01
4.874986e-01 6.683983e-01
4.877818e-01 6.775035e-01
4.887728e-01 6.598497e-01
4.897058e-01 6.972970e-01
4.912064e-01 6.638315e-01
4.942089e-01 6.608193e-01
4.950674e-01 6.567269e-01
4.963924e-01 6.777885e-01
4.986887e-01 6.694669e-01
5.009193e-01 6.565416e-01
5.013621e-01 6.499473e-01
5.014638e-01 6.851063e-01
5.050030e-01 6.620020e-01
5.061710e-01 6.621399e-01
5.076296e-01 6.565128e-01
5.076567e-01 6.506285e-01
5.132217e-01 6.679652e-01
5.136136e-01 6.521701e-01
5.136533e-01 6.488135e-01
5.139513e-01 6.443790e-01
5.143399e-01 6.436319e-01
5.202460e-01 6.464877e-01
5.210502e-01 6.474533e-01
5.211356e-01 6.494408e-01
5.222242e-01 6.508760e-01
5.249796e-01 6.594148e-01
5.265406e-01 6.418561e-01
5.277606e-01 6.448374e-01
5.286179e-01 6.362814e-01
5.308348e-01 6.416038e-01
5.328353e-01 6.451772e-01
5.344709e-01 6.290846e-01
5.361002e-01 6.353501e-01
5.367375e-01 6.512648e-01
5.391299e-01 6.241029e-01
5.394454e-01 6.317363e-01
5.411812e-01 6.360057e-01
5.428013e-01 6.652667e-01
5.435825e-01 6.331778e-01
5.454245e-01 6.285475e-01
5.478915e-01 6.242817e-01
5.480560e-01 6.286230e-01
5.484954e-01 6.429403e-01
5.510648e-01 6.266936e-01
5.517192e-01 6.267806e-01
5.546018e-01 6.188551e-01
5.566666e-01 6.203778e-01
5.580138e-01 6.202133e-01
5.585471e-01 6.166324e-01
5.602533e-01 6.290427e-01
5.613122e-01 6.140684e-01
5.631698e-01 6.486647e-01
5.643085e-01 6.168246e-01
5.652772e-01 6.157632e-01
5.660294e-01 6.148178e-01
5.680225e-01 6.155149e-01
5.706031e-01 6.133037e-01
5.720112e-01 6.183345e-01
5.735118e-01 6.055880e-01
5.738878e-01 6.170738e-01
5.747328e-01 6.121574e-01
5.768977e-01 6.055718e-01
5.809941e-01 6.039188e-01
5.814431e-01 6.058536e-01
5.824984e-01 6.098034e-01
5.831924e-01 6.076794e-01
5.835383e-01 6.325291e-01
5.837691e-01 6.133184e-01
5.881535e-01 6.019062e-01
5.884764e-01 6.039885e-01
5.894870e-01 5.919281e-01
5.911089e-01 5.996668e-01
5.948638e-01 6.003080e-01
5.955271e-01 6.050255e-01
5.957817e-01 5.934304e-01
5.959587e-01 5.884197e-01
5.997195e-01 5.898352e-01
6.015741e-01 5.942877e-01
6.020763e-01 5.945649e-01
6.034410e-01 5.950267e-01
6.039068e-01 6.149938e-01
6.072850e-01 5.930284e-01
6.082844e-01 5.894205e-01
6.083301e-01 5.896475e-01
6.083709e-01 5.819310e-01
6.109233e-01 5.861395e-01
6.146656e-01 5.833691e-01
6.149948e-01 5.865080e-01
6.169407e-01 5.860342e-01
6.184056e-01 5.731186e-01
6.190429e-01 5.845452e-01
6.209602e-01 5.785869e-01
6.217051e-01 5.867045e-01
6.242753e-01 6.032822e-01
6.255513e-01 5.783955e-01
6.258879e-01 5.788748e-01
6.272549e-01 5.739322e-01
6.284154e-01 5.762875e-01
6.308008e-01 5.810763e-01
6.333702e-01 5.775097e-01
6.335495e-01 5.738931e-01
6.341619e-01 5.711063e-01
6.351257e-01 5.705837e-01
6.398441e-01 5.692567e-01
6.408525e-01 5.683631e-01
6.418360e-01 5.660567e-01
6.425587e-01 5.710790e-01
6.427725e-01 5.651703e-01
6.446438e-01 5.856102e-01
6.461388e-01 5.700191e-01
6.483348e-01 5.650266e-01
6.485464e-01 5.664957e-01
6.513831e-01 5.611146e-01
6.524334e-01 5.648777e-01
6.543166e-01 5.676398e-01
6.552567e-01 5.622764e-01
6.558171e-01 5.583289e-01
6.587280e-01 5.644775e-01
6.599937e-01 5.532999e-01
6.619670e-01 5.596778e-01
6.632994e-01 5.537279e-01
6.650123e-01 5.718881e-01
6.650227e-01 5.596124e-01
6.660745e-01 5.569436e-01
6.686043e-01 5.496189e-01
6.686773e-01 5.557150e-01
6.707817e-01 5.534074e-01
6.713173e-01 5.620006e-01
6.753877e-01 5.482274e-01
6.772149e-01 5.455888e-01
6.776120e-01 5.540912e-01
6.778324e-01 5.538405e-01
6.782641e-01 5.464407e-01
6.820980e-01 5.465529e-01
6.839066e-01 5.509216e-01
6.853808e-01 5.591748e-01
6.857464e-01 5.379022e-01
6.858255e-01 5.411786e-01
6.888083e-01 5.517492e-01
6.895903e-01 5.456307e-01
6.902012e-01 5.478382e-01
6.932287e-01 5.451709e-01
6.944361e-01 5.332816e-01
6.955186e-01 5.423528e-01
6.964959e-01 5.473683e-01
7.007110e-01 5.398791e-01
7.013483e-01 5.357088e-01
7.022290e-01 5.412532e-01
7.027905e-01 5.480186e-01
7.030466e-01 5.350713e-01
7.057493e-01 5.458274e-01
7.081933e-01 5.350976e-01
7.089393e-01 5.385347e-01
7.090852e-01 5.414397e-01
7.116572e-01 5.268939e-01
7.131062e-01 5.292732e-01
7.153798e-01 5.346133e-01
7.156496e-01 5.360622e-01
7.156756e-01 5.271734e-01
7.202678e-01 5.241578e-01
7.216744e-01 5.356241e-01
7.223599e-01 5.306738e-01
7.231579e-01 5.256608e-01
7.248641e-01 5.198835e-01
7.261178e-01 5.328122e-01
7.279691e-01 5.351462e-01
7.288784e-01 5.205905e-01
7.290703e-01 5.259938e-01
7.306402e-01 5.212571e-01
7.342637e-01 5.303378e-01
7.357806e-01 5.251619e-01
7.366220e-01 5.158585e-01
7.374890e-01 5.150450e-01
7.381225e-01 5.151481e-01
7.405584e-01 5.214823e-01
7.424909e-01 5.204205e-01
7.456048e-01 5.147522e-01
7.460996e-01 5.116868e-01
7.464863e-01 5.207487e-01
7.468530e-01 5.251952e-01
7.483799e-01 5.108072e-01
7.492012e-01 5.202342e-01
7.530871e-01 5.101443e-01
7.531476e-01 5.227572e-01
7.547102e-01 5.077136e-01
7.559115e-01 5.175407e-01
7.594423e-01 5.194006e-01
7.601378e-01 5.080206e-01
7.605694e-01 5.109064e-01
7.626219e-01 5.069948e-01
7.633208e-01 5.029277e-01
7.657369e-01 5.161663e-01
7.668548e-01 5.094639e-01
7.680517e-01 5.107132e-01
7.693322e-01 5.084895e-01
7.718957e-01 4.968143e-01
7.719314e-01 5.039992e-01
7.720316e-01 5.114066e-01
7.755341e-01 5.007517e-01
7.760425e-01 5.082265e-01
7.783262e-01 5.065851e-01
7.805420e-01 4.971529e-01
7.827528e-01 5.062999e-01
7.830164e-01 4.989350e-01
7.836536e-01 4.994830e-01
7.846208e-01 5.023449e-01
7.872233e-01 5.004022e-01
7.891526e-01 4.933995e-01
7.894632e-01 4.988049e-01
7.904987e-01 4.975988e-01
7.909155e-01 5.015155e-01
7.954115e-01 4.884906e-01
7.961735e-01 5.058371e-01
7.972101e-01 4.969399e-01
7.977632e-01 4.884157e-01
7.979810e-01 4.907345e-01
8.028838e-01 5.015791e-01
8.035048e-01 4.974130e-01
8.054633e-01 4.880206e-01
8.063737e-01 4.787427e-01
8.071695e-01 4.803982e-01
8.075918e-01 4.892241e-01
8.095941e-01 4.939801e-01
8.097994e-01 4.975424e-01
8.129456e-01 4.858741e-01
8.149843e-01 4.794678e-01
8.160940e-01 4.890722e-01
8.163045e-01 4.927815e-01
8.189274e-01 4.778925e-01
8.204279e-01 4.841119e-01
8.223887e-01 4.907313e-01
8.230148e-01 4.868556e-01
8.235949e-01 4.747505e-01
8.279102e-01 4.800677e-01
8.279603e-01 4.792236e-01
8.286833e-01 4.846437e-01
8.297251e-01 4.935093e-01
8.306853e-01 4.733026e-01
8.322055e-01 4.708129e-01
8.349780e-01 4.796670e-01
8.353925e-01 4.786811e-01
8.364354e-01 4.816295e-01
8.408161e-01 4.671724e-01
8.412726e-01 4.830847e-01
8.424432e-01 4.656185e-01
8.428748e-01 4.724660e-01
8.431457e-01 4.786049e-01
8.475672e-01 4.743585e-01
8.483288e-01 4.692067e-01
8.494267e-01 4.620874e-01
8.498561e-01 4.761641e-01
8.503571e-01 4.724117e-01
8.538619e-01 4.764624e-01
8.542011e-01 4.608604e-01
8.565664e-01 4.727595e-01
8.578394e-01 4.688936e-01
8.580373e-01 4.628005e-01
8.601565e-01 4.698322e-01
8.632767e-01 4.691218e-01
8.653217e-01 4.689487e-01
8.659590e-01 4.588905e-01
8.664512e-01 4.752686e-01
8.666479e-01 4.581981e-01
8.686973e-01 4.599736e-01
8.699870e-01 4.684085e-01
8.727458e-01 4.685870e-01
8.728040e-01 4.646691e-01
8.752585e-01 4.550051e-01
8.766974e-01 4.649918e-01
8.777169e-01 4.509922e-01
8.790404e-01 4.719916e-01
8.802864e-01 4.580518e-01
8.834077e-01 4.575841e-01
8.838691e-01 4.550443e-01
8.853351e-01 4.657562e-01
8.877687e-01 4.618728e-01
8.890658e-01 4.501839e-01
8.894748e-01 4.470381e-01
8.901180e-01 4.597201e-01
8.916297e-01 4.619390e-01
8.924797e-01 4.488066e-01
8.952510e-01 4.560933e-01
8.968283e-01 4.611890e-01
8.979244e-01 4.628899e-01
9.010903e-01 4.458165e-01
9.012328e-01 4.416500e-01
9.027333e-01 4.524160e-01
9.035387e-01 4.595410e-01
9.042190e-01 4.582997e-01
9.094343e-01 4.423269e-01
9.097008e-01 4.442542e-01
9.102156e-01 4.479351e-01
9.102490e-01 4.597662e-01
9.105136e-01 4.539275e-01
9.129907e-01 4.365577e-01
9.168083e-01 4.456025e-01
9.169593e-01 4.475190e-01
9.176979e-01 4.450736e-01
9.183114e-01 4.408605e-01
9.231029e-01 4.445705e-01
9.236696e-01 4.567385e-01
9.247486e-01 4.319023e-01
9.251802e-01 4.467964e-01
9.269220e-01 4.374403e-01
9.293975e-01 4.558076e-01
9.298028e-01 4.331233e-01
9.303799e-01 4.488533e-01
9.326625e-01 4.398686e-01
9.355326e-01 4.333848e-01
9.356922e-01 4.174639e-01
9.365065e-01 4.286066e-01
9.370903e-01 4.465969e-01
9.401448e-01 4.352377e-01
9.419868e-01 4.491041e-01
9.438006e-01 4.469589e-01
9.441432e-01 4.328648e-01
9.476271e-01 4.338806e-01
9.482644e-01 4.217923e-01
9.482815e-01 4.313324e-01
9.501713e-01 4.231958e-01
9.505109e-01 4.339349e-01
9.527538e-01 4.267487e-01
9.545761e-01 4.433226e-01
9.551094e-01 4.375594e-01
9.572212e-01 4.359281e-01
9.600223e-01 4.206722e-01
9.608707e-01 4.361177e-01
9.613644e-01 4.281089e-01
9.625917e-01 4.266063e-01
9.639316e-01 4.306950e-01
9.671654e-01 4.279709e-01
9.699750e-01 4.235594e-01
9.700740e-01 4.278990e-01
9.700792e-01 4.003099e-01
9.705398e-01 4.178906e-01
9.706419e-01 4.356656e-01
9.717802e-01 4.171785e-01
9.734600e-01 4.276233e-01
9.773522e-01 4.235741e-01
9.775564e-01 4.289279e-01
9.785856e-01 4.191818e-01
9.797547e-01 4.272561e-01
9.835381e-01 4.105712e-01
9.840625e-01 4.255161e-01
9.850387e-01 4.186771e-01
9.860493e-01 4.275986e-01
9.871962e-01 4.176167e-01
9.907729e-01 4.268775e-01
9.909083e-01 4.122631e-01
9.923439e-01 4.175196e-01
9.925210e-01 4.237289e-01
9.952960e-01 4.078591e-01
9.958068e-01 4.147387e-01
9.974832e-01 4.084874e-01
9.986386e-01 4.189971e-01
1.000003e+00 4.170126e-01
1.004194e+00 4.410105e-01
1.004417e+00 4.102350e-01
1.004933e+00 4.258079e-01
1.006481e+00 3.863983e-01
1.007054e+00 4.001974e-01
1.007486e+00 4.187251e-01
1.010904e+00 4.021445e-01
1.011228e+00 4.141808e-01
1.011277e+00 4.035281e-01
1.013028e+00 4.078760e-01
1.014968e+00 4.207005e-01
1.017523e+00 4.127856e-01
1.017614e+00 4.122618e-01
1.018812e+00 4.000739e-01
1.021639e+00 4.071124e-01
1.022450e+00 4.088387e-01
1.023817e+00 4.136830e-01
1.024324e+00 4.162260e-01
1.029933e+00 4.086370e-01
1.030112e+00 4.107833e-01
1.030249e+00 4.020461e-01
1.030570e+00 3.957314e-01
1.031035e+00 4.073273e-01
1.031645e+00 3.955430e-01
1.036406e+00 4.116682e-01
1.037415e+00 4.090284e-01
1.037745e+00 4.070107e-01
1.038860e+00 4.020263e-01
1.042328e+00 3.898823e-01
1.042701e+00 4.064277e-01
1.042883e+00 3.735809e-01
1.044455e+00 4.039188e-01
1.044897e+00 4.064761e-01
1.047470e+00 3.984583e-01
1.048996e+00 4.121133e-01
1.051166e+00 4.005094e-01
1.052014e+00 3.890771e-01
1.052379e+00 4.026292e-01
1.054086e+00 3.903709e-01
1.055290e+00 4.113860e-01
1.056081e+00 3.931510e-01
1.057876e+00 3.972050e-01
1.059862e+00 4.016791e-01
1.061585e+00 4.083833e-01
1.064586e+00 3.973004e-01
1.064692e+00 3.948910e-01
1.065844e+00 3.840772e-01
1.067344e+00 3.939803e-01
1.067880e+00 4.161730e-01
1.071297e+00 3.957709e-01
1.072382e+00 3.831916e-01
1.073302e+00 3.893886e-01
1.074174e+00 4.019881e-01
1.074826e+00 3.857879e-01
1.077601e+00 3.829217e-01
1.078007e+00 3.941063e-01
1.079285e+00 3.627148e-01
1.080469e+00 3.941636e-01
1.081913e+00 3.856853e-01
1.082309e+00 3.968476e-01
1.084717e+00 3.867477e-01
1.086764e+00 4.043921e-01
1.089359e+00 3.818011e-01
1.089791e+00 3.875229e-01
1.090523e+00 3.824442e-01
1.091428e+00 3.889974e-01
1.092751e+00 3.765153e-01
1.093058e+00 3.931569e-01
1.097273e+00 3.945288e-01
1.098138e+00 3.891647e-01
1.099134e+00 3.855852e-01
1.099353e+00 3.906140e-01
1.101117e+00 3.743724e-01
1.104756e+00 3.788660e-01
1.104848e+00 3.900420e-01
1.105647e+00 3.965590e-01
1.107744e+00 3.768589e-01
1.111559e+00 3.801050e-01
1.111942e+00 3.793961e-01
1.112238e+00 3.705159e-01
1.112875e+00 3.687043e-01
1.113119e+00 3.698054e-01
1.115687e+00 3.521023e-01
1.116355e+00 3.806679e-01
1.118237e+00 3.696810e-01
1.118269e+00 3.891269e-01
1.119720e+00 3.811678e-01
1.124531e+00 3.852969e-01
1.124633e+00 3.698932e-01
1.124966e+00 3.765823e-01
1.124979e+00 3.823195e-01
1.127203e+00 3.654874e-01
1.130826e+00 3.864917e-01
1.131690e+00 3.770484e-01
1.133488e+00 3.626485e-01
1.133576e+00 3.702317e-01
1.134685e+00 3.641280e-01
1.136391e+00 3.629539e-01
1.137121e+00 3.767462e-01
1.138400e+00 3.802609e-01
1.142167e+00 3.758757e-01
1.142187e+00 3.708432e-01
1.143415e+00 3.777566e-01
1.145110e+00 3.824493e-01
1.148149e+00 3.602363e-01
1.149649e+00 3.738549e-01
1.149710e+00 3.758451e-01
1.150797e+00 3.671732e-01
1.151821e+00 3.736940e-01
1.152089e+00 3.426591e-01
1.153856e+00 3.588581e-01
1.156005e+00 3.724901e-01
1.157132e+00 3.670025e-01
1.158531e+00 3.889391e-01
1.159408e+00 3.647622e-01
1.159907e+00 3.560030e-01
1.162299e+00 3.783028e-01
1.164614e+00 3.653369e-01
1.165241e+00 3.725022e-01
1.168019e+00 3.615812e-01
1.168594e+00 3.735018e-01
1.171665e+00 3.562612e-01
1.171952e+00 3.706133e-01
1.172096e+00 3.622396e-01
1.174225e+00 3.519336e-01
1.174888e+00 3.715505e-01
1.176629e+00 3.604442e-01
1.178662e+00 3.838999e-01
1.179579e+00 3.630958e-01
1.181183e+00 3.659504e-01
1.183423e+00 3.507913e-01
1.185240e+00 3.592243e-01
1.185372e+00 3.532822e-01
1.187061e+00 3.614707e-01
1.187478e+00 3.654319e-01
1.188491e+00 3.327023e-01
1.192083e+00 4.006982e-01
1.193772e+00 3.634536e-01
1.193850e+00 3.555550e-01
1.194543e+00 3.619948e-01
1.194593e+00 3.477985e-01
1.195181e+00 3.454328e-01
1.198793e+00 3.628126e-01
1.200067e+00 3.644186e-01
1.202026e+00 3.593457e-01
1.202461e+00 3.539059e-01
1.205503e+00 3.602747e-01
1.206362e+00 3.557021e-01
1.206938e+00 3.483337e-01
1.209508e+00 3.514408e-01
1.211072e+00 3.527043e-01
1.212214e+00 3.542066e-01
1.212656e+00 3.591572e-01
1.214962e+00 3.412910e-01
1.216990e+00 3.539245e-01
1.218696e+00 3.425869e-01
1.218924e+00 3.521427e-01
1.218951e+00 3.557324e-01
1.219682e+00 3.494453e-01
1.224472e+00 3.545133e-01
1.224893e+00 3.256988e-01
1.225246e+00 3.597975e-01
1.225634e+00 3.561629e-01
1.228293e+00 3.481124e-01
1.230454e+00 3.379203e-01
1.231540e+00 3.579650e-01
1.231955e+00 3.511456e-01
1.232344e+00 3.547478e-01
1.235330e+00 3.368235e-01
1.236903e+00 3.441161e-01
1.237835e+00 3.518177e-01
1.239055e+00 3.535945e-01
1.239437e+00 3.446716e-01
1.242212e+00 3.376331e-01
1.244130e+00 3.502662e-01
1.245514e+00 3.423845e-01
1.245765e+00 3.464124e-01
1.246919e+00 3.484179e-01
1.250424e+00 3.477161e-01
1.252475e+00 3.514765e-01
1.253970e+00 3.345573e-01
1.254125e+00 3.484790e-01
1.254402e+00 3.504220e-01
1.255699e+00 3.307472e-01
1.256719e+00 3.487365e-01
1.259186e+00 3.452187e-01
1.261295e+00 3.167643e-01
1.261884e+00 3.411810e-01
1.262735e+00 3.404977e-01
1.263013e+00 3.478057e-01
1.265728e+00 3.290748e-01
1.265896e+00 3.438702e-01
1.269308e+00 3.455363e-01
1.269366e+00 3.423705e-01
1.271346e+00 3.375133e-01
1.272606e+00 3.411066e-01
1.275603e+00 3.390507e-01
1.276067e+00 3.249482e-01
1.276849e+00 3.461561e-01
1.277486e+00 3.271601e-01
1.279317e+00 3.394170e-01
1.279956e+00 3.223765e-01
1.281897e+00 3.432295e-01
1.284331e+00 3.351093e-01
1.286027e+00 3.366107e-01
1.288192e+00 3.430782e-01
1.288567e+00 3.370284e-01
1.289244e+00 3.263892e-01
1.291813e+00 3.340018e-01
1.292737e+00 3.378687e-01
1.294487e+00 3.362603e-01
1.296436e+00 3.211882e-01
1.297177e+00 3.228006e-01
1.297697e+00 3.084659e-01
1.299296e+00 3.242602e-01
1.299448e+00 3.364412e-01
1.300781e+00 3.334676e-01
1.301002e+00 3.226000e-01
1.305788e+00 3.157503e-01
1.306158e+00 3.364139e-01
1.306778e+00 3.409186e-01
1.307076e+00 3.328139e-01
1.312760e+00 3.230010e-01
1.312868e+00 3.336463e-01
1.313371e+00 3.281371e-01
1.314260e+00 3.382758e-01
1.314399e+00 3.296149e-01
1.316804e+00 3.166037e-01
1.319579e+00 3.302248e-01
1.319665e+00 3.259785e-01
1.321742e+00 3.383940e-01
1.323009e+00 3.222582e-01
1.324518e+00 3.196373e-01
1.325960e+00 3.307833e-01
1.326289e+00 3.283722e-01
1.329225e+00 3.435746e-01
1.331620e+00 3.186472e-01
1.332254e+00 3.241751e-01
1.332999e+00 3.237054e-01
1.334099e+00 2.999769e-01
1.336275e+00 3.147515e-01
1.336707e+00 3.285843e-01
1.337173e+00 3.112880e-01
1.338549e+00 3.252915e-01
1.339710e+00 3.278647e-01
1.340230e+00 3.186807e-01
1.344189e+00 3.208741e-01
1.344844e+00 3.154158e-01
1.346420e+00 3.237115e-01
1.348033e+00 3.117894e-01
1.348841e+00 3.187575e-01
1.351138e+00 3.194517e-01
1.351672e+00 3.205055e-01
1.353130e+00 3.216189e-01
1.357433e+00 3.180332e-01
1.357452e+00 3.138759e-01
1.357541e+00 3.081934e-01
1.359154e+00 3.182343e-01
1.359791e+00 3.121016e-01
1.359841e+00 3.187530e-01
1.363728e+00 3.084000e-01
1.366062e+00 3.157246e-01
1.366551e+00 3.235283e-01
1.366636e+00 3.188833e-01
1.370022e+00 3.087646e-01
1.370501e+00 2.934876e-01
1.371549e+00 3.080650e-01
1.373261e+00 3.187920e-01
1.374119e+00 3.153804e-01
1.374673e+00 3.115229e-01
1.376317e+00 3.138607e-01
1.377910e+00 3.035400e-01
1.379972e+00 3.145016e-01
1.381601e+00 3.160595e-01
1.382612e+00 3.107659e-01
1.383283e+00 3.096895e-01
1.383307e+00 3.048950e-01
1.386682e+00 3.094216e-01
1.388906e+00 3.074688e-01
1.389083e+00 3.114632e-01
1.391894e+00 3.123990e-01
1.393392e+00 3.084930e-01
1.395065e+00 3.053409e-01
1.395201e+00 3.043327e-01
1.396566e+00 3.092249e-01
1.398278e+00 2.981046e-01
1.400103e+00 3.044920e-01
1.400505e+00 3.083072e-01
1.401496e+00 3.075100e-01
1.404048e+00 3.102905e-01
1.406813e+00 3.073047e-01
1.406823e+00 3.016737e-01
1.406903e+00 2.856163e-01
1.407790e+00 3.085596e-01
1.409115e+00 3.036044e-01
1.411530e+00 3.074399e-01
1.413523e+00 3.035279e-01
1.414085e+00 3.150854e-01
1.417726e+00 3.024486e-01
1.418581e+00 3.005211e-01
1.418647e+00 2.945773e-01
1.419012e+00 3.058869e-01
1.420234e+00 2.985991e-01
1.420379e+00 2.979521e-01
1.426336e+00 3.024454e-01
1.426495e+00 3.053852e-01
1.426674e+00 3.111663e-01
1.426944e+00 3.027411e-01
1.430339e+00 2.980758e-01
1.432969e+00 2.962270e-01
1.433654e+00 2.941339e-01
1.433977e+00 3.004207e-01
1.434947e+00 3.011514e-01
1.439015e+00 2.903627e-01
1.439263e+00 3.108363e-01
1.440365e+00 2.985891e-01
1.441459e+00 2.981082e-01
1.442097e+00 2.949592e-01
1.443305e+00 2.794617e-01
1.443558e+00 2.985276e-01
1.445558e+00 2.991416e-01
1.447075e+00 2.924139e-01
1.448942e+00 2.986319e-01
1.451853e+00 3.018580e-01
1.452168e+00 2.984437e-01
1.453785e+00 2.883304e-01
1.453855e+00 2.924412e-01
1.456424e+00 2.982233e-01
1.458147e+00 2.985800e-01
1.459384e+00 2.875569e-01
1.460495e+00 2.877232e-01
1.460779e+00 2.965821e-01
1.463906e+00 2.980911e-01
1.464442e+00 2.961278e-01
1.465613e+00 2.868418e-01
1.467206e+00 2.947193e-01
1.469389e+00 2.937700e-01
1.470737e+00 2.956319e-01
1.471389e+00 2.983979e-01
1.473916e+00 2.915590e-01
1.477031e+00 3.095158e-01
1.477370e+00 2.862523e-01
1.478000e+00 2.948774e-01
1.478871e+00 2.893196e-01
1.479707e+00 2.720157e-01
1.479752e+00 2.803042e-01
1.480626e+00 2.880977e-01
1.483326e+00 2.721838e-01
1.486353e+00 2.893037e-01
1.486611e+00 2.921932e-01
1.487337e+00 2.862599e-01
1.489128e+00 2.833721e-01
1.489620e+00 3.016021e-01
1.493836e+00 2.892929e-01
1.494047e+00 2.841745e-01
1.495221e+00 2.908010e-01
1.495915e+00 2.784873e-01
1.500121e+00 2.783628e-01
1.500757e+00 2.852801e-01
1.500886e+00 2.808115e-01
1.501318e+00 2.898454e-01
1.502210e+00 2.898296e-01
1.503832e+00 2.873133e-01
1.507468e+00 2.891125e-01
1.508504e+00 2.864692e-01
1.508800e+00 2.864113e-01
1.512442e+00 2.814814e-01
1.512644e+00 2.785930e-01
1.514178e+00 2.851902e-01
1.514799e+00 2.904204e-01
1.516110e+00 2.667046e-01
1.516282e+00 2.828892e-01
1.520489e+00 2.739567e-01
1.520888e+00 2.930349e-01
1.521053e+00 2.900755e-01
1.521094e+00 2.875086e-01
1.523765e+00 2.872822e-01
1.524402e+00 2.798941e-01
1.527388e+00 2.828950e-01
1.527599e+00 2.754110e-01
1.529663e+00 2.877979e-01
1.531247e+00 2.830101e-01
1.533683e+00 2.784556e-01
1.534309e+00 2.846340e-01
1.536160e+00 2.753428e-01
1.538274e+00 2.776633e-01
1.538729e+00 2.772454e-01
1.539978e+00 2.826538e-01
1.540858e+00 2.695352e-01
1.541019e+00 2.748577e-01
1.546212e+00 2.778978e-01
1.546272e+00 2.794259e-01
1.546885e+00 2.784354e-01
1.547730e+00 2.786448e-01
1.547918e+00 2.733137e-01
1.552512e+00 2.601192e-01
1.552567e+00 2.816908e-01
1.553694e+00 2.759367e-01
1.554440e+00 2.733960e-01
1.555495e+00 2.774081e-01
1.558862e+00 2.841238e-01
1.559676e+00 2.704954e-01
1.561150e+00 2.772258e-01
1.561176e+00 2.711095e-01
1.561226e+00 2.667234e-01
1.564106e+00 2.771802e-01
1.565156e+00 2.828821e-01
1.567861e+00 2.717310e-01
1.568659e+00 2.667591e-01
1.571434e+00 2.722498e-01
1.571451e+00 2.796973e-01
1.572716e+00 2.754198e-01
1.574571e+00 2.726834e-01
1.576141e+00 2.687780e-01
1.577745e+00 2.773331e-01
1.581281e+00 2.747763e-01
1.581327e+00 2.699278e-01
1.581595e+00 2.621460e-01
1.583192e+00 2.698251e-01
1.583623e+00 2.688481e-01
1.584040e+00 2.645247e-01
1.587992e+00 2.926251e-01
1.588914e+00 2.547788e-01
1.589938e+00 2.739964e-01
1.590335e+00 2.702576e-01
1.591106e+00 2.733783e-01
1.594702e+00 2.821864e-01
1.594950e+00 2.691080e-01
1.596629e+00 2.733570e-01
1.598548e+00 2.702878e-01
1.598588e+00 2.657038e-01
1.601412e+00 2.701968e-01
1.601963e+00 2.588296e-01
1.602924e+00 2.729645e-01
1.606070e+00 2.657427e-01
1.606707e+00 2.632534e-01
1.607159e+00 2.697805e-01
1.608123e+00 2.662004e-01
1.609219e+00 2.617813e-01
1.610996e+00 3.019222e-01
1.613552e+00 2.641550e-01
1.614833e+00 2.642142e-01
1.615513e+00 2.635541e-01
1.615769e+00 2.655486e-01
1.618465e+00 2.657963e-01
1.621035e+00 2.638754e-01
1.621543e+00 2.655350e-01
1.621808e+00 2.603523e-01
1.622332e+00 2.549453e-01
1.624380e+00 2.639160e-01
1.625316e+00 2.488267e-01
1.628103e+00 2.644803e-01
1.628254e+00 2.666430e-01
1.628517e+00 2.586283e-01
1.630223e+00 2.587831e-01
1.632991e+00 2.618818e-01
1.634397e+00 2.601706e-01
1.634964e+00 2.613211e-01
1.635999e+00 2.573346e-01
1.640692e+00 2.627790e-01
1.641601e+00 2.630743e-01
1.641674e+00 2.568268e-01
1.641981e+00 2.576450e-01
1.642700e+00 2.516769e-01
1.643482e+00 2.604460e-01
1.646986e+00 2.558241e-01
1.648385e+00 2.599118e-01
1.650212e+00 2.598007e-01
1.650964e+00 2.530977e-01
1.653281e+00 2.629403e-01
1.653739e+00 2.574951e-01
1.655095e+00 2.635115e-01
1.658446e+00 2.608756e-01
1.658822e+00 2.575811e-01
1.659576e+00 2.601083e-01
1.661718e+00 2.435941e-01
1.661805e+00 2.587229e-01
1.663069e+00 2.497460e-01
1.665497e+00 2.532124e-01
1.665870e+00 2.514512e-01
1.665929e+00 2.526279e-01
1.667433e+00 2.556591e-01
1.668516e+00 2.582857e-01
1.671448e+00 2.847612e-01
1.672165e+00 2.527798e-01
1.673411e+00 2.538588e-01
1.675226e+00 2.592447e-01
1.676044e+00 2.549155e-01
1.677255e+00 2.542798e-01
1.678460e+00 2.452175e-01
1.680893e+00 2.550670e-01
1.681936e+00 2.506682e-01
1.683437e+00 2.461292e-01
1.684654e+00 2.567869e-01
1.684754e+00 2.520598e-01
1.688376e+00 2.508597e-01
1.688646e+00 2.515805e-01
1.689013e+00 2.475573e-01
1.691049e+00 2.591200e-01
1.693265e+00 2.550016e-01
1.695357e+00 2.500784e-01
1.695858e+00 2.471269e-01
1.697344e+00 2.453602e-01
1.698120e+00 2.382075e-01
1.700771e+00 2.450791e-01
1.701875e+00 2.474044e-01
1.702067e+00 2.480024e-01
1.703340e+00 2.393404e-01
1.703638e+00 2.487081e-01
1.703806e+00 2.413385e-01
1.708777e+00 2.484673e-01
1.709933e+00 2.409822e-01
1.710486e+00 2.497649e-01
1.710822e+00 2.538301e-01
1.712529e+00 2.479187e-01
1.715488e+00 2.490581e-01
1.716227e+00 2.457104e-01
1.718305e+00 2.439775e-01
1.719096e+00 2.470114e-01
1.722198e+00 2.420555e-01
1.722522e+00 2.351397e-01
1.724174e+00 2.406853e-01
1.724287e+00 2.379560e-01
1.725787e+00 2.459868e-01
1.727707e+00 2.452158e-01
1.728817e+00 2.409511e-01
1.728908e+00 2.401932e-01
1.731901e+00 2.707726e-01
1.733269e+00 2.433575e-01
1.734522e+00 2.333149e-01
1.735111e+00 2.409578e-01
1.735619e+00 2.428991e-01
1.736044e+00 2.426794e-01
1.736318e+00 2.460163e-01
1.740752e+00 2.426141e-01
1.741406e+00 2.409229e-01
1.742329e+00 2.407915e-01
1.744543e+00 2.368858e-01
1.744928e+00 2.437064e-01
1.747701e+00 2.410837e-01
1.747802e+00 2.351106e-01
1.748234e+00 2.360370e-01
1.749039e+00 2.378903e-01
1.753539e+00 2.428851e-01
1.753995e+00 2.390564e-01
1.755716e+00 2.437321e-01
1.755750e+00 2.371657e-01
1.759560e+00 2.481151e-01
1.760290e+00 2.518209e-01
1.762149e+00 2.418743e-01
1.762460e+00 2.392078e-01
1.763199e+00 2.419204e-01
1.764911e+00 2.336100e-01
1.766585e+00 2.441659e-01
1.769170e+00 2.361063e-01
1.770681e+00 2.360063e-01
1.770760e+00 2.391758e-01
1.770924e+00 2.287079e-01
1.771318e+00 2.291746e-01
1.775881e+00 2.353091e-01
1.778163e+00 2.410221e-01
1.779174e+00 2.348494e-01
1.779371e+00 2.356642e-01
1.782591e+00 2.311049e-01
1.783076e+00 2.286372e-01
1.785280e+00 2.320055e-01
1.785469e+00 2.500681e-01
1.785646e+00 2.413658e-01
1.787981e+00 2.334491e-01
1.789301e+00 2.323552e-01
1.791763e+00 2.482555e-01
1.792353e+00 2.590661e-01
1.793128e+00 2.370398e-01
1.794834e+00 2.350976e-01
1.796012e+00 2.299916e-01
1.796592e+00 2.322714e-01
1.800610e+00 2.299874e-01
1.802722e+00 2.285618e-01
1.804352e+00 2.333579e-01
1.805202e+00 2.287946e-01
1.805648e+00 2.271452e-01
1.806592e+00 2.318536e-01
1.807326e+00 2.231838e-01
1.808092e+00 2.319409e-01
1.809432e+00 2.307020e-01
1.813813e+00 2.284723e-01
1.815575e+00 2.341403e-01
1.816143e+00 2.246912e-01
1.818350e+00 2.263082e-01
1.822424e+00 2.290998e-01
1.822853e+00 2.217315e-01
1.823057e+00 2.293210e-01
1.826017e+00 2.241645e-01
1.829563e+00 2.242176e-01
1.830108e+00 2.277240e-01
1.830539e+00 2.296563e-01
1.831034e+00 2.280351e-01
1.836274e+00 2.184143e-01
1.838022e+00 2.279010e-01
1.839645e+00 2.222927e-01
1.841866e+00 2.256596e-01
1.842984e+00 2.222706e-01
1.843728e+00 2.186836e-01
1.845504e+00 2.265057e-01
1.846385e+00 2.216400e-01
1.848255e+00 2.245849e-01
1.849694e+00 2.183287e-01
1.852805e+00 2.485643e-01
1.852986e+00 2.277966e-01
1.853624e+00 2.242638e-01
1.856405e+00 2.187149e-01
1.856866e+00 2.244896e-01
1.860469e+00 2.275363e-01
1.863115e+00 2.280644e-01
1.865382e+00 2.229212e-01
1.865477e+00 2.219194e-01
1.866754e+00 2.196632e-01
1.867951e+00 2.297830e-01
1.869825e+00 2.178075e-01
1.874087e+00 2.172950e-01
1.875433e+00 2.190308e-01
1.876536e+00 2.229722e-01
1.877139e+00 2.204493e-01
1.880130e+00 2.147051e-01
1.882698e+00 2.212770e-01
1.882916e+00 2.250820e-01
1.883246e+00 2.082282e-01
1.887122e+00 2.169880e-01
1.888897e+00 2.197800e-01
1.890398e+00 2.211578e-01
1.891308e+00 2.216924e-01
1.896667e+00 2.184343e-01
1.897880e+00 2.140395e-01
1.899919e+00 2.164690e-01
1.900655e+00 2.167878e-01
1.903377e+00 2.295060e-01
1.905362e+00 2.179545e-01
1.907491e+00 2.146616e-01
1.908530e+00 2.176909e-01
1.910087e+00 2.207143e-01
1.912413e+00 2.159151e-01
1.912845e+00 2.190497e-01
1.913258e+00 2.375994e-01
1.916532e+00 2.102755e-01
1.917140e+00 2.151088e-01
1.920327e+00 2.130925e-01
1.923508e+00 2.070563e-01
1.924171e+00 2.125634e-01
1.925751e+00 2.180360e-01
1.927809e+00 2.153152e-01
1.927859e+00 2.117924e-01
1.934361e+00 2.163128e-01
1.935292e+00 2.194473e-01
1.935929e+00 2.159344e-01
1.942774e+00 2.108233e-01
1.942972e+00 2.172614e-01
1.947687e+00 2.154338e-01
1.948228e+00 2.082067e-01
1.950256e+00 2.127777e-01
1.951582e+00 2.125861e-01
1.952934e+00 2.058577e-01
1.957739e+00 2.066860e-01
1.959445e+00 2.110061e-01
1.960193e+00 2.009245e-01
1.965221e+00 2.078474e-01
1.968597e+00 2.060261e-01
1.968804e+00 2.221256e-01
1.971203e+00 2.096907e-01
1.972703e+00 2.057769e-01
1.973710e+00 2.278683e-01
1.977414e+00 2.084458e-01
1.980186e+00 2.016111e-01
1.982961e+00 2.066590e-01
1.986025e+00 2.047925e-01
1.987668e+00 2.058347e-01
1.988965e+00 2.031366e-01
1.989336e+00 2.019944e-01
1.994635e+00 2.041233e-01
1.994719e+00 2.097087e-01
1.995150e+00 2.015773e-01
2.002632e+00 2.044870e-01
2.003246e+00 2.070985e-01
2.006476e+00 2.073463e-01
2.009334e+00 2.015237e-01
2.010115e+00 2.022366e-01
2.011857e+00 2.029180e-01
2.017597e+00 1.998155e-01
2.018234e+00 2.050157e-01
2.020467e+00 2.001648e-01
2.025079e+00 1.943609e-01
2.025738e+00 1.979128e-01
2.029078e+00 1.932385e-01
2.029702e+00 1.995000e-01
2.029992e+00 1.985674e-01
2.032562e+00 1.955411e-01
2.034162e+00 2.185167e-01
2.037688e+00 2.042970e-01
2.040044e+00 2.048401e-01
2.041750e+00 2.043585e-01
2.046299e+00 2.042037e-01
2.047526e+00 1.857068e-01
2.050071e+00 1.960213e-01
2.053508e+00 2.054194e-01
2.054910e+00 1.982187e-01
2.055009e+00 1.912633e-01
2.062140e+00 1.944970e-01
2.062491e+00 1.917065e-01
2.063520e+00 1.962426e-01
2.065266e+00 1.997559e-01
2.069973e+00 1.961387e-01
2.070439e+00 1.941219e-01
2.072131e+00 1.966744e-01
2.077024e+00 1.980578e-01
2.077456e+00 1.903656e-01
2.080741e+00 1.956376e-01
2.084938e+00 1.929726e-01
2.088782e+00 1.946838e-01
2.089352e+00 1.952730e-01
2.090808e+00 1.927537e-01
2.092420e+00 1.969566e-01
2.094615e+00 2.093035e-01
2.097963e+00 1.910634e-01
2.098542e+00 1.904812e-01
2.099902e+00 1.891507e-01
2.100540e+00 1.929534e-01
2.106573e+00 1.911827e-01
2.111176e+00 1.903507e-01
2.112298e+00 1.931400e-01
2.114867e+00 1.920428e-01
2.115184e+00 1.905445e-01
2.122349e+00 1.942318e-01
2.123794e+00 1.901314e-01
2.124056e+00 1.912653e-01
2.129832e+00 1.908712e-01
2.131545e+00 1.879498e-01
2.132405e+00 1.921732e-01
2.134944e+00 1.869820e-01
2.135813e+00 1.892104e-01
2.141015e+00 1.899103e-01
2.144796e+00 1.833960e-01
2.147571e+00 1.894701e-01
2.149626e+00 1.912267e-01
2.151913e+00 1.856829e-01
2.155067e+00 2.009614e-01
2.158237e+00 1.874836e-01
2.159329e+00 1.869617e-01
2.166847e+00 1.829465e-01
2.171087e+00 1.902413e-01
2.171346e+00 1.830780e-01
2.172282e+00 1.839064e-01
2.175458e+00 1.822053e-01
2.182845e+00 1.844312e-01
2.184068e+00 1.825797e-01
2.192650e+00 1.808304e-01
2.192679e+00 1.805378e-01
2.194603e+00 1.853111e-01
2.201290e+00 1.816219e-01
2.206361e+00 1.832991e-01
2.207748e+00 1.799846e-01
2.209900e+00 1.799187e-01
2.213019e+00 1.790373e-01
2.215519e+00 1.928932e-01
2.218119e+00 1.822569e-01
2.218511e+00 1.802672e-01
2.227121e+00 1.809698e-01
2.229877e+00 1.815687e-01
2.233387e+00 1.774089e-01
2.235732e+00 1.771641e-01
2.241635e+00 1.786255e-01
2.244150e+00 1.764229e-01
2.244343e+00 1.759138e-01
2.252953e+00 1.728726e-01
2.253393e+00 1.748896e-01
2.253756e+00 1.754426e-01
2.261564e+00 1.756406e-01
2.265151e+00 1.757877e-01
2.270174e+00 1.737329e-01
2.274124e+00 1.739959e-01
2.275971e+00 1.851121e-01
2.276908e+00 1.754504e-01
2.278785e+00 1.726727e-01
2.280552e+00 1.732110e-01
2.287396e+00 1.729321e-01
2.288666e+00 1.740305e-01
2.294493e+00 1.720110e-01
2.296006e+00 1.685736e-01
2.300424e+00 1.739426e-01
2.304617e+00 1.699904e-01
2.312182e+00 1.704626e-01
2.313227e+00 1.707265e-01
2.314861e+00 1.704454e-01
2.316954e+00 1.701916e-01
2.321838e+00 1.662688e-01
2.323940e+00 1.696025e-01
2.330449e+00 1.665124e-01
2.335230e+00 1.685557e-01
2.335698e+00 1.701544e-01
2.336424e+00 1.779024e-01
2.339059e+00 1.641786e-01
2.347456e+00 1.681997e-01
2.347670e+00 1.684676e-01
2.353356e+00 1.665079e-01
2.355598e+00 1.666889e-01
2.356280e+00 1.667171e-01
2.359214e+00 1.678842e-01
2.364891e+00 1.552805e-01
2.370972e+00 1.660797e-01
2.373501e+00 1.607554e-01
2.375967e+00 1.638454e-01
2.382112e+00 1.634144e-01
2.382730e+00 1.656050e-01
2.389758e+00 1.637397e-01
2.390723e+00 1.659300e-01
2.394488e+00 1.643412e-01
2.396335e+00 1.627129e-01
2.396876e+00 1.714781e-01
2.399333e+00 1.672695e-01
2.406245e+00 1.638982e-01
2.407944e+00 1.606512e-01
2.416554e+00 1.584121e-01
2.416704e+00 1.605557e-01
2.418003e+00 1.609588e-01
2.426160e+00 1.607001e-01
2.429761e+00 1.603127e-01
2.433776e+00 1.636519e-01
2.437072e+00 1.587525e-01
2.441519e+00 1.579018e-01
2.442386e+00 1.519323e-01
2.450997e+00 1.616667e-01
2.453277e+00 1.568222e-01
2.457328e+00 1.653186e-01
2.457441e+00 1.579425e-01
2.462562e+00 1.581311e-01
2.465035e+00 1.529302e-01
2.468218e+00 1.511863e-01
2.476793e+00 1.556637e-01
2.477809e+00 1.548297e-01
2.488551e+00 1.532081e-01
2.498178e+00 1.541344e-01
2.498964e+00 1.549167e-01
2.500309e+00 1.537808e-01
2.512067e+00 1.534063e-01
2.517781e+00 1.594179e-01
2.518546e+00 1.530008e-01
2.523825e+00 1.535743e-01
2.535366e+00 1.520897e-01
2.535582e+00 1.510519e-01
2.538915e+00 1.505459e-01
2.547340e+00 1.489790e-01
2.559098e+00 1.484150e-01
2.559283e+00 1.486333e-01
2.570856e+00 1.472012e-01
2.571768e+00 1.495414e-01
2.578233e+00 1.533310e-01
2.579652e+00 1.469670e-01
2.582614e+00 1.456364e-01
2.594372e+00 1.446296e-01
2.600020e+00 1.460628e-01
2.606130e+00 1.458695e-01
2.608170e+00 1.468065e-01
2.617888e+00 1.454420e-01
2.620389e+00 1.435982e-01
2.629646e+00 1.414861e-01
2.638685e+00 1.481359e-01
2.640757e+00 1.435336e-01
2.641404e+00 1.416848e-01
2.644572e+00 1.444863e-01
2.653162e+00 1.387896e-01
2.661126e+00 1.407469e-01
2.664919e+00 1.418035e-01
2.676677e+00 1.388899e-01
2.680974e+00 1.414799e-01
2.681494e+00 1.390537e-01
2.688435e+00 1.483050e-01
2.699137e+00 1.431449e-01
2.700193e+00 1.351225e-01
2.701863e+00 1.380369e-01
2.711951e+00 1.378308e-01
2.717376e+00 1.394870e-01
2.722231e+00 1.375041e-01
2.723709e+00 1.374391e-01
2.735467e+00 1.345499e-01
2.742600e+00 1.359474e-01
2.747225e+00 1.335701e-01
2.753778e+00 1.367378e-01
2.758983e+00 1.303133e-01
2.759590e+00 1.379382e-01
2.762968e+00 1.344607e-01
2.770741e+00 1.255025e-01
2.782499e+00 1.303428e-01
2.783337e+00 1.319954e-01
2.790180e+00 1.338533e-01
2.794257e+00 1.378026e-01
2.803705e+00 1.323554e-01
2.806014e+00 1.310571e-01
2.817772e+00 1.309693e-01
2.820042e+00 1.336331e-01
2.824074e+00 1.300516e-01
2.826582e+00 1.318116e-01
2.829530e+00 1.283419e-01
2.841288e+00 1.314864e-01
2.844442e+00 1.280554e-01
2.853046e+00 1.293235e-01
2.862984e+00 1.299379e-01
2.864804e+00 1.292239e-01
2.864811e+00 1.284109e-01
2.876562e+00 1.272564e-01
2.880494e+00 1.291924e-01
2.885179e+00 1.260989e-01
2.888320e+00 1.258957e-01
2.899386e+00 1.272384e-01
2.900078e+00 1.255152e-01
2.905548e+00 1.250408e-01
2.911836e+00 1.270701e-01
2.923594e+00 1.254137e-01
2.925916e+00 1.231227e-01
2.935351e+00 1.256137e-01
2.935788e+00 1.250027e-01
2.940947e+00 1.251303e-01
2.946285e+00 1.233227e-01
2.947109e+00 1.237879e-01
2.958867e+00 1.216010e-01
2.966653e+00 1.223868e-01
2.970625e+00 1.233740e-01
2.972190e+00 1.228453e-01
2.982383e+00 1.181349e-01
2.987022e+00 1.203051e-01
2.994141e+00 1.213641e-01
3.001399e+00 1.209169e-01
3.005899e+00 1.183407e-01
3.007390e+00 1.182436e-01
3.008592e+00 1.208883e-01
3.017657e+00 1.192029e-01
3.027759e+00 1.139454e-01
3.029415e+00 1.149576e-01
3.041173e+00 1.162990e-01
3.044994e+00 1.182856e-01
3.048127e+00 1.165235e-01
3.052931e+00 1.148289e-01
3.061851e+00 1.171381e-01
3.064688e+00 1.152179e-01
3.068496e+00 1.121293e-01
3.076446e+00 1.120106e-01
3.081396e+00 1.165232e-01
3.088204e+00 1.155393e-01
3.088864e+00 1.198695e-01
3.099962e+00 1.122900e-01
3.109233e+00 1.124081e-01
3.111720e+00 1.117176e-01
3.117798e+00 1.147904e-01
3.122303e+00 1.134899e-01
3.123478e+00 1.122445e-01
3.129601e+00 1.114082e-01
3.135236e+00 1.096529e-01
3.146994e+00 1.107292e-01
3.149970e+00 1.099770e-01
3.154200e+00 1.125720e-01
3.158752e+00 1.109063e-01
3.170338e+00 1.087373e-01
3.170510e+00 1.095568e-01
3.182268e+00 1.065695e-01
3.182756e+00 1.100221e-01
3.190602e+00 1.110987e-01
3.190707e+00 1.081246e-01
3.194026e+00 1.088821e-01
3.205783e+00 1.084864e-01
3.211075e+00 1.064513e-01
3.217541e+00 1.049201e-01
3.227004e+00 1.092921e-01
3.229299e+00 1.064499e-01
3.231444e+00 1.061970e-01
3.241057e+00 1.036836e-01
3.243208e+00 1.066758e-01
3.251812e+00 1.048237e-01
3.252815e+00 1.055333e-01
3.263406e+00 1.076137e-01
3.264573e+00 1.023892e-01
3.272181e+00 1.048314e-01
3.276331e+00 1.044328e-01
3.288089e+00 1.035239e-01
3.292549e+00 1.033185e-01
3.299808e+00 1.056762e-01
3.299847e+00 1.011393e-01
3.303660e+00 1.033671e-01
3.312918e+00 1.023499e-01
3.323363e+00 9.778913e-02
3.333286e+00 1.001695e-01
3.335120e+00 1.026269e-01
3.336210e+00 1.033717e-01
3.346878e+00 1.016991e-01
3.353655e+00 1.005124e-01
3.364113e+00 1.003753e-01
3.370394e+00 9.637577e-02
3.372613e+00 1.021787e-01
3.374023e+00 9.766201e-02
3.394392e+00 9.865420e-02
3.409015e+00 1.001521e-01
3.414760e+00 9.610092e-02
3.424565e+00 9.725042e-02
3.435129e+00 9.598246e-02
3.445417e+00 9.868919e-02
3.455497e+00 9.689188e-02
3.475866e+00 9.516351e-02
3.481819e+00 9.734587e-02
3.485017e+00 9.456193e-02
3.496234e+00 9.381097e-02
3.516603e+00 9.318828e-02
3.518221e+00 9.574587e-02
3.536971e+00 9.243236e-02
3.545470e+00 9.185242e-02
3.554623e+00 9.431192e-02
3.557340e+00 9.059587e-02
3.577708e+00 9.145390e-02
3.591025e+00 9.251022e-02
3.598077e+00 8.959428e-02
3.605922e+00 8.907954e-02
3.618445e+00 9.510108e-02
3.627427e+00 9.125807e-02
3.638814e+00 8.850214e-02
3.659182e+00 8.740504e-02
3.663829e+00 8.963666e-02
3.666374e+00 8.658974e-02
3.679551e+00 8.633137e-02
3.699919e+00 8.623778e-02
3.700231e+00 8.836200e-02
3.720288e+00 8.514670e-02
3.726826e+00 8.417371e-02
3.736633e+00 8.692065e-02
3.740656e+00 8.440206e-02
3.761025e+00 8.453404e-02
3.773035e+00 8.561134e-02
3.781393e+00 8.275092e-02
3.787279e+00 8.194057e-02
3.801762e+00 8.174397e-02
3.809437e+00 8.442734e-02
3.822130e+00 8.141614e-02
3.842499e+00 8.086614e-02
3.845839e+00 8.315557e-02
3.847731e+00 7.962838e-02
3.862867e+00 7.996601e-02
3.882241e+00 8.176174e-02
3.883236e+00 8.017909e-02
3.903604e+00 7.845437e-02
3.908183e+00 7.745372e-02
3.918643e+00 8.032234e-02
3.923973e+00 7.784287e-02
3.944341e+00 7.677737e-02
3.955045e+00 7.914693e-02
3.964710e+00 7.712538e-02
3.968636e+00 7.533457e-02
3.985078e+00 7.584688e-02
3.991447e+00 7.785125e-02
4.005447e+00 7.538845e-02
4.025815e+00 7.344248e-02
4.027849e+00 7.674452e-02
4.029088e+00 7.338582e-02
4.046184e+00 7.403373e-02
4.064251e+00 7.576731e-02
4.066552e+00 7.328636e-02
4.086921e+00 7.292269e-02
4.089540e+00 7.149393e-02
4.100653e+00 7.446756e-02
4.107289e+00 7.147590e-02
4.127658e+00 7.154203e-02
4.137055e+00 7.325615e-02
4.148026e+00 7.107396e-02
4.149992e+00 6.939184e-02
4.168395e+00 7.044654e-02
4.173457e+00 7.216248e-02
4.188763e+00 6.937166e-02
4.209132e+00 6.946549e-02
4.209859e+00 7.080497e-02
4.210445e+00 6.769541e-02
4.229500e+00 6.786031e-02
4.246261e+00 6.998201e-02
4.249869e+00 6.656352e-02
4.270237e+00 6.706687e-02
4.270897e+00 6.597420e-02
4.282663e+00 6.884967e-02
4.290606e+00 6.611296e-02
4.310974e+00 6.550309e-02
4.319065e+00 6.796940e-02
4.331343e+00 6.653356e-02
4.331349e+00 6.438068e-02
4.351711e+00 6.453441e-02
4.355467e+00 6.682603e-02
4.372080e+00 6.509137e-02
4.391802e+00 6.268302e-02
4.391869e+00 6.612510e-02
4.392448e+00 6.452318e-02
4.412817e+00 6.350327e-02
4.428271e+00 6.485254e-02
4.433185e+00 6.326140e-02
4.452254e+00 6.111409e-02
4.453554e+00 6.201725e-02
4.464673e+00 6.415210e-02
4.473922e+00 6.124591e-02
4.494291e+00 6.088533e-02
4.501075e+00 6.314528e-02
4.512706e+00 5.953443e-02
4.514659e+00 6.094050e-02
4.535028e+00 5.973641e-02
4.537477e+00 6.203913e-02
4.555396e+00 6.090922e-02
4.573159e+00 5.809693e-02
4.573879e+00 6.076262e-02
4.575765e+00 6.075077e-02
4.596133e+00 5.852115e-02
4.610281e+00 5.977672e-02
4.616502e+00 5.879589e-02
4.633611e+00 5.668874e-02
4.636870e+00 5.739293e-02
4.646683e+00 5.928237e-02
4.657239e+00 5.500824e-02
4.677607e+00 5.711210e-02
4.683085e+00 5.823179e-02
4.694063e+00 5.529115e-02
4.697976e+00 5.636547e-02
4.718344e+00 5.656792e-02
4.719487e+00 5.754154e-02
4.738713e+00 5.643932e-02
4.754515e+00 5.405897e-02
4.755889e+00 5.652475e-02
4.759081e+00 5.568632e-02
4.779450e+00 5.688394e-02
4.792291e+00 5.595485e-02
4.799818e+00 5.355313e-02
4.814968e+00 5.272570e-02
4.820187e+00 5.527175e-02
4.828693e+00 5.517046e-02
4.840555e+00 5.424288e-02
4.860924e+00 5.418543e-02
4.865095e+00 5.404220e-02
4.875420e+00 5.145552e-02
4.881293e+00 5.349325e-02
4.901497e+00 5.348976e-02
4.901661e+00 5.288045e-02
4.922030e+00 5.373206e-02
4.935872e+00 5.025785e-02
4.937899e+00 5.266877e-02
4.942398e+00 5.291004e-02
4.962767e+00 5.311860e-02
4.974301e+00 5.196017e-02
4.983135e+00 5.180221e-02
4.996325e+00 4.904317e-02
5.003504e+00 5.149977e-02
5.010703e+00 5.132489e-02
5.023872e+00 5.192146e-02
5.044241e+00 5.122629e-02
5.047105e+00 5.032118e-02
5.056777e+00 4.796034e-02
5.064609e+00 5.031671e-02
5.083507e+00 4.959864e-02
5.084978e+00 5.048929e-02
5.105346e+00 4.979749e-02
5.117229e+00 4.684561e-02
5.119909e+00 4.896028e-02
5.125715e+00 4.948341e-02
5.146083e+00 4.880182e-02
5.156311e+00 4.828771e-02
5.166452e+00 4.840018e-02
5.177681e+00 4.576131e-02
5.186820e+00 4.817685e-02
5.192713e+00 4.747109e-02
5.207189e+00 4.770909e-02
5.227557e+00 4.767575e-02
5.229115e+00 4.685992e-02
5.238134e+00 4.474456e-02
5.247926e+00 4.744136e-02
5.265518e+00 4.634491e-02
5.268294e+00 4.758809e-02
5.288663e+00 4.662819e-02
5.298586e+00 4.376620e-02
5.301920e+00 4.569850e-02
5.309031e+00 4.642495e-02
5.329400e+00 4.566994e-02
5.338322e+00 4.491567e-02
5.349768e+00 4.640728e-02
5.359038e+00 4.279457e-02
5.370137e+00 4.541038e-02
5.374724e+00 4.429927e-02
5.390505e+00 4.431494e-02
5.410874e+00 4.480395e-02
5.411126e+00 4.345406e-02
5.419491e+00 4.180089e-02
5.431242e+00 4.493095e-02
5.447528e+00 4.265149e-02
5.451611e+00 4.375145e-02
5.471979e+00 4.365694e-02
5.479943e+00 4.086648e-02
5.483930e+00 4.245348e-02
5.492348e+00 4.395128e-02
5.512716e+00 4.313179e-02
5.520332e+00 4.123460e-02
5.533085e+00 4.188717e-02
5.540395e+00 4.002003e-02
5.553453e+00 4.381542e-02
5.556734e+00 4.126717e-02
5.573822e+00 4.226364e-02
5.593136e+00 4.059299e-02
5.594190e+00 4.135613e-02
5.600848e+00 3.916773e-02
5.614559e+00 4.234414e-02
5.629538e+00 4.002733e-02
5.634927e+00 4.201716e-02
5.655296e+00 4.102001e-02
5.661300e+00 3.832850e-02
5.665940e+00 3.968803e-02
5.675664e+00 4.207843e-02
5.696033e+00 4.216379e-02
5.702342e+00 3.898057e-02
5.716401e+00 4.010984e-02
5.721752e+00 3.753062e-02
5.738744e+00 3.865451e-02
5.757138e+00 4.063221e-02
5.775146e+00 3.788750e-02
5.777507e+00 4.181892e-02
5.782204e+00 3.670438e-02
5.797875e+00 4.002947e-02
5.811548e+00 3.766254e-02
5.838612e+00 4.055671e-02
5.842657e+00 3.593689e-02
5.847950e+00 3.675348e-02
5.884352e+00 3.657099e-02
5.903109e+00 3.518198e-02
5.920754e+00 3.599268e-02
5.957156e+00 3.548230e-02
5.963561e+00 3.451532e-02
5.993558e+00 3.506837e-02
6.024014e+00 3.379077e-02
6.029960e+00 3.453580e-02
6.066362e+00 3.426139e-02
6.084466e+00 3.307804e-02
6.102764e+00 3.379652e-02
6.139166e+00 3.333028e-02
6.144918e+00 3.246917e-02
6.175568e+00 3.287257e-02
6.205370e+00 3.177247e-02
6.211970e+00 3.286915e-02
6.248372e+00 3.191274e-02
6.265823e+00 3.111825e-02
6.284774e+00 3.173003e-02
6.321176e+00 3.122804e-02
6.326275e+00 3.050314e-02
6.357578e+00 3.074713e-02
6.386727e+00 2.991991e-02
6.393980e+00 3.092218e-02
6.430382e+00 2.941299e-02
6.447180e+00 2.936232e-02
6.466784e+00 3.112049e-02
6.503186e+00 2.949121e-02
6.507632e+00 2.878197e-02
6.539588e+00 2.907169e-02
6.568084e+00 2.822615e-02
6.575990e+00 2.852536e-02
6.612392e+00 2.823370e-02
6.628536e+00 2.764752e-02
6.648794e+00 2.792531e-02
6.685196e+00 2.751558e-02
6.688989e+00 2.711422e-02
6.721598e+00 2.722191e-02
6.749441e+00 2.658638e-02
6.758000e+00 2.679780e-02
6.794402e+00 2.654187e-02
6.809893e+00 2.617174e-02
6.830804e+00 2.632991e-02
6.867206e+00 2.587482e-02
6.870346e+00 2.557819e-02
6.903608e+00 2.554482e-02
6.930798e+00 2.512085e-02
6.940010e+00 2.536672e-02
6.976412e+00 2.489329e-02
6.991250e+00 2.465457e-02
7.012814e+00 2.472169e-02
7.049216e+00 2.428433e-02
7.051703e+00 2.421264e-02
7.085618e+00 2.423201e-02
7.112155e+00 2.381206e-02
7.122020e+00 2.383789e-02
7.158423e+00 2.360389e-02
7.172607e+00 2.333313e-02
7.194825e+00 2.327203e-02
7.231227e+00 2.288662e-02
7.233059e+00 2.288598e-02
7.267629e+00 2.259250e-02
7.293512e+00 2.248756e-02
7.304031e+00 2.228310e-02
7.340433e+00 2.208288e-02
7.353964e+00 2.210684e-02
7.376835e+00 2.177650e-02
7.413237e+00 2.165571e-02
7.414416e+00 2.169910e-02
7.449639e+00 2.138540e-02
7.474869e+00 2.136599e-02
7.486041e+00 2.105437e-02
7.522443e+00 2.092134e-02
7.535321e+00 2.089049e-02
7.558845e+00 2.053296e-02
7.595247e+00 2.047620e-02
7.595773e+00 2.044628e-02
7.631649e+00 2.012038e-02
7.656225e+00 2.005245e-02
7.668051e+00 1.962690e-02
7.704453e+00 1.960230e-02
7.716678e+00 1.979232e-02
7.740855e+00 1.938823e-02
7.777130e+00 1.941300e-02
7.777257e+00 1.905585e-02
7.813659e+00 1.894152e-02
7.837582e+00 1.907162e-02
7.850061e+00 1.866283e-02
7.886463e+00 1.823358e-02
7.898035e+00 1.879271e-02
7.922865e+00 1.817862e-02
7.958487e+00 1.845481e-02
7.959267e+00 1.802358e-02
7.995669e+00 1.773557e-02
8.018939e+00 1.810475e-02
8.032071e+00 1.761118e-02
8.068473e+00 1.755638e-02
8.079392e+00 1.778343e-02
8.104875e+00 1.720824e-02
8.139844e+00 1.754053e-02
8.141277e+00 1.711058e-02
8.177679e+00 1.698321e-02
8.200296e+00 1.721982e-02
8.214081e+00 1.670551e-02
8.250483e+00 1.650093e-02
8.260748e+00 1.690758e-02
8.286885e+00 1.623227e-02
8.321201e+00 1.670285e-02
8.323287e+00 1.650924e-02
8.359689e+00 1.591323e-02
8.381653e+00 1.643640e-02
8.396091e+00 1.591692e-02
8.432493e+00 1.602319e-02
8.442105e+00 1.613593e-02
8.468895e+00 1.538159e-02
8.502558e+00 1.582649e-02
8.505297e+00 1.555843e-02
8.541699e+00 1.547275e-02
8.563010e+00 1.553284e-02
8.578101e+00 1.509707e-02
8.614503e+00 1.516846e-02
8.623462e+00 1.529511e-02
8.650905e+00 1.562133e-02
8.683914e+00 1.491449e-02
8.687307e+00 1.483933e-02
8.723709e+00 1.463759e-02
8.744367e+00 1.480013e-02
8.760111e+00 1.442463e-02
8.796513e+00 1.429042e-02
8.804819e+00 1.449589e-02
8.832915e+00 1.411539e-02
8.865271e+00 1.430334e-02
8.869317e+00 1.394658e-02
8.905719e+00 1.378022e-02
8.925724e+00 1.402888e-02
8.942121e+00 1.368588e-02
8.978523e+00 1.356386e-02
8.986176e+00 1.384861e-02
9.014926e+00 1.343910e-02
9.046628e+00 1.366224e-02
9.051328e+00 1.320455e-02
9.087730e+00 1.319815e-02
9.107081e+00 1.348128e-02
9.124132e+00 1.300741e-02
9.160534e+00 1.282212e-02
9.167533e+00 1.324808e-02
9.196936e+00 1.283668e-02
9.227985e+00 1.291989e-02
9.233338e+00 1.270350e-02
9.269740e+00 1.238537e-02
9.288437e+00 1.271636e-02
9.306142e+00 1.233269e-02
9.342544e+00 1.220929e-02
9.348890e+00 1.249773e-02
9.378946e+00 1.222048e-02
9.409342e+00 1.230073e-02
9.415348e+00 1.213954e-02
9.451750e+00 1.182720e-02
9.469794e+00 1.215492e-02
9.488152e+00 1.172293e-02
9.524554e+00 1.182793e-02
9.530247e+00 1.198963e-02
9.560956e+00 1.151586e-02
9.590699e+00 1.180164e-02
9.597358e+00 1.150126e-02
9.633760e+00 1.103247e-02
9.651151e+00 1.162839e-02
9.670162e+00 1.108339e-02
9.706564e+00 1.097463e-02
9.711603e+00 1.145800e-02
9.742966e+00 1.086031e-02
9.772056e+00 1.126692e-02
9.779368e+00 1.087329e-02
9.815770e+00 1.066718e-02
9.832508e+00 1.110291e-02
9.852172e+00 1.058870e-02
9.888574e+00 1.043260e-02
9.892960e+00 1.095758e-02
9.924976e+00 1.061908e-02
9.953413e+00 1.078159e-02
9.961378e+00 1.023559e-02
9.997780e+00 1.013685e-02
1.001386e+01 1.059324e-02
1.003418e+01 1.017765e-02
1.007058e+01 1.031602e-02
1.007432e+01 1.045981e-02
1.010699e+01 9.992159e-03
1.013477e+01 1.027683e-02
1.014339e+01 9.889924e-03
1.017979e+01 9.797211e-03
1.019522e+01 1.019673e-02
1.021619e+01 9.587644e-03
1.025567e+01 1.005431e-02
1.028900e+01 9.450795e-03
1.031613e+01 9.858322e-03
1.032540e+01 9.639944e-03
1.036180e+01 9.377641e-03
1.037658e+01 9.698730e-03
1.043460e+01 9.007679e-03
1.043703e+01 9.605363e-03
1.049748e+01 9.375541e-03
1.055794e+01 9.211067e-03
1.061839e+01 9.110217e-03
1.067884e+01 8.949532e-03
1.073929e+01 8.712515e-03
1.079974e+01 8.759142e-03
1.086020e+01 8.633688e-03
1.092065e+01 8.517180e-03
1.098110e+01 8.362463e-03
1.104155e+01 8.272392e-03
1.110201e+01 8.094103e-03
1.116246e+01 8.035215e-03
1.122291e+01 7.921879e-03
1.128336e+01 7.791124e-03
1.134382e+01 7.693648e-03
1.140427e+01 7.567498e-03
1.146472e+01 7.443985e-03
1.152517e+01 7.364690e-03
1.158562e+01 7.219119e-03
1.164608e+01 7.116245e-03
1.170653e+01 7.010810e-03
1.176698e+01 6.909729e-03
1.182743e+01 6.823499e-03
1.188789e+01 6.726916e-03
1.194834e+01 6.658939e-03
1.200879e+01 6.527634e-03
1.206924e+01 6.453233e-03
1.212970e+01 6.367787e-03
1.219015e+01 6.267240e-03
1.225060e+01 6.164245e-03
1.231105e+01 6.089621e-03
1.237150e+01 6.024256e-03
1.243196e+01 5.930463e-03
1.249241e+01 5.837846e-03
1.255286e+01 5.767328e-03
1.261331e+01 5.651800e-03
1.267377e+01 5.570488e-03
1.273422e+01 5.535973e-03
1.279467e+01 5.429119e-03
1.285512e+01 5.361110e-03
1.291557e+01 5.293905e-03
1.297603e+01 5.231733e-03
1.303648e+01 5.157582e-03
1.309693e+01 5.042915e-03
1.315738e+01 4.985840e-03
1.321784e+01 4.925432e-03
1.327829e+01 4.862208e-03
1.333874e+01 4.761696e-03
1.339919e+01 4.683946e-03
1.345965e+01 4.675088e-03
1.352010e+01 4.600611e-03
1.358055e+01 4.581693e-03
1.364100e+01 4.441254e-03
1.370145e+01 4.466462e-03
1.376191e+01 4.363991e-03
1.382236e+01 4.339312e-03
1.388281e+01 4.297851e-03
1.394326e+01 4.219278e-03
1.400372e+01 4.193625e-03
1.406417e+01 4.087428e-03
1.412462e+01 4.038375e-03
1.418507e+01 4.069383e-03
1.424553e+01 3.929887e-03
1.430598e+01 3.933061e-03
1.436643e+01 3.947819e-03
1.442688e+01 3.778462e-03
1.448733e+01 3.783239e-03
1.454779e+01 3.726820e-03
1.460824e+01 3.666933e-03
1.466869e+01 3.648983e-03
1.472914e+01 3.588792e-03
1.478960e+01 3.532201e-03
1.485005e+01 3.456716e-03
1.491050e+01 3.427004e-03
1.497095e+01 3.392690e-03
1.503141e+01 3.342053e-03
1.509186e+01 3.323490e-03
1.515231e+01 3.268527e-03
1.521276e+01 3.209635e-03
1.527321e+01 3.187268e-03
1.533367e+01 3.156834e-03
1.539412e+01 3.086522e-03
1.545457e+01 3.045773e-03
1.551502e+01 2.988199e-03
1.557548e+01 2.956246e-03
1.563593e+01 2.919738e-03
1.569638e+01 2.884266e-03
1.575683e+01 2.862867e-03
1.581729e+01 2.809771e-03
1.587774e+01 2.773806e-03
1.593819e+01 2.716115e-03
1.599864e+01 2.692032e-03
1.605909e+01 2.629445e-03
1.611955e+01 2.605435e-03
1.618000e+01 2.582795e-03
1.624045e+01 2.529888e-03
1.630090e+01 2.526645e-03
1.636136e+01 2.463879e-03
1.642181e+01 2.431561e-03
1.648226e+01 2.458239e-03
1.654271e+01 2.395614e-03
1.660316e+01 2.338474e-03
1.666362e+01 2.339541e-03
1.672407e+01 2.285918e-03
1.678452e+01 2.283458e-03
1.684497e+01 2.258530e-03
1.690543e+01 2.235010e-03
1.696588e+01 2.162237e-03
1.708678e+01 2.169494e-03
1.714724e+01 2.075100e-03
1.720769e+01 2.006782e-03
1.732859e+01 2.031021e-03
